1 3.53
2 3.57
3 3.42
4 3.56
5 3.66
6 3.43
7 3.45
8 2.96
9 3.45
10 2.51
11 3.33
12 3.44
13 3.68
14 3.46
15 3.50
16 3.53
17 3.47
18 3.73
19 3.59
20 3.47
21 3.39
22 3.43
23 3.50
24 3.51
25 3.47
26 3.38
27 3.65
28 3.47
29 3.44
30 3.44
31 3.42
32 3.40
33 3.49
34 3.47
35 3.43
36 3.73
37 3.39
38 3.44
39 3.48
40 3.45
41 3.41
42 3.58
43 3.54
44 3.56
45 3.47
46 3.51
47 3.47
48 3.45
49 3.57
50 3.45
51 3.51
52 3.60
53 3.46
54 3.53
55 3.58
56 3.45
57 3.59
58 3.42
59 3.27
60 3.65
61 3.37
62 3.53
63 3.59
64 3.47
65 3.53
66 3.41
67 3.44
68 3.63
69 3.43
70 3.51
71 3.46
72 3.45
73 3.38
74 3.55
75 3.41
76 3.42
77 2.55
78 3.53
79 3.53
80 3.49
81 3.41
82 3.41
83 3.49
84 3.46
85 3.49
86 3.48
87 3.48
88 3.42
89 3.45
90 3.49
91 3.46
92 3.56
93 3.52
94 3.45
95 3.63
96 3.51
