1 75.77
2 39.24
3 29.99
4 23.99
5 20.76
6 17.49
7 16.55
8 15.19
9 14.71
10 13.98
11 14.27
12 14.21
13 14.30
14 14.51
15 14.25
16 14.76
17 14.20
18 14.53
19 14.37
20 14.02
21 13.77
22 14.67
23 14.01
24 14.22
25 14.63
26 14.02
27 14.07
28 13.73
29 13.84
30 14.09
31 14.19
32 14.16
33 13.90
34 13.79
35 14.21
36 14.20
37 14.38
38 14.19
39 13.48
40 14.39
41 14.09
42 14.92
43 14.46
44 14.05
45 14.52
46 14.07
47 14.68
48 14.50
49 14.73
50 14.85
51 14.35
52 14.69
53 14.71
54 14.96
55 15.33
56 15.08
57 14.90
58 15.36
59 15.30
60 14.51
61 14.61
62 14.35
63 15.05
64 14.91
65 15.05
66 15.13
67 15.03
68 15.38
69 15.35
70 15.38
71 15.41
72 15.61
73 15.01
74 15.00
75 15.26
76 15.95
77 15.21
78 15.26
79 15.79
80 15.23
81 15.31
82 15.34
83 16.31
84 16.01
85 15.87
86 15.59
87 15.74
88 15.55
89 15.52
90 15.52
91 15.92
92 16.14
93 15.64
94 15.91
95 15.79
96 16.33
