1 0.04
2 0.11
3 0.63
4 0.17
5 0.52
6 0.63
7 0.45
8 0.33
9 0.65
10 0.38
11 0.36
12 0.44
13 0.36
14 0.18
15 0.33
16 0.52
17 0.53
18 0.37
19 0.28
20 0.53
21 0.32
22 0.45
23 0.60
24 0.49
25 0.56
26 0.22
27 0.45
28 0.57
29 0.43
30 0.22
31 0.62
32 0.58
33 0.63
34 0.45
35 0.32
36 0.30
37 0.58
38 0.52
39 0.57
40 0.53
41 0.54
42 0.31
43 0.37
44 0.36
45 0.47
46 0.26
47 0.37
48 0.30
49 0.53
50 0.46
51 0.30
52 0.35
53 0.50
54 0.27
55 0.25
56 0.34
57 0.38
58 0.28
59 0.28
60 0.50
61 0.20
62 0.28
63 0.27
64 0.19
65 0.31
66 0.39
67 0.22
68 0.50
69 0.17
70 0.21
71 0.42
72 0.21
73 0.22
74 0.25
75 0.22
76 0.25
77 0.46
78 0.25
79 0.50
80 0.16
81 0.48
82 0.50
83 0.37
84 0.51
85 0.53
86 0.41
87 0.47
88 0.51
89 0.52
90 0.44
91 0.61
92 0.54
93 0.49
94 0.54
95 0.56
96 0.58
